-2844.0334 -2120.2307 5834.29 3860.2822
-961.387 -513.7669 352.96136 1012.06274
-554.4009 498.29584 947.2331 262.92023
407.23883 -1007.19257 421.39264 187.28564
857.44464 -870.32996 54.02472 403.38446
655.75244 -870.32996 230.50537 561.85693
169.53009 339.82343 788.7607 54.02466
1102.3567 -337.28622 475.41736 212.49718
1592.1807 -128.3907 10.804932 378.1729
1548.9608 -146.39893 561.85706 50.42305
-1710.5295 -1255.7062 943.6315 201.69226
1181.5929 750.41113 608.67834 259.31854
-763.29645 -1630.2773 2456.3232 446.60413
-1822.1807 37.285065 237.70874 817.57385
2157.284 -1676.0481 180.15552 17.434326
1814.4072 -1803.9004 947.2693 621.827
-835.622 1770.1521 3341.594 406.80273
-992.5316 -2745.3582 1400.5637 412.61426
2418.7998 -908.9344 5.8115234 2086.317
2843.037 -653.2298 191.77832 2028.2021
2273.5132 -903.1229 627.6384 11.622986
1390.1702 1438.8987 63.926147 52.30298
378.97476 1293.6118 354.49954 557.9009
1169.3344 392.8344 1237.8427 1295.9573
-2520.9475 -1862.0151 767.11365 947.2693
-1573.6783 -2332.744 1528.416 633.44995
-1538.8096 -2280.4407 1185.5394 69.73755
437.08942 1183.1941 23.24591 238.27002
105.83577 1159.948 1464.4897 232.45874
-2474.4558 -682.2871 209.21289 2423.382
-2294.3003 1566.7507 2144.4314 116.22949
