-3190.3384 -3482.0803 6295.9775 6135.99
-380.1296 -158.73544 455.32007 104.43121
2113.6877 -1533.0502 150.38086 2944.9602
-2247.3596 -1570.6454 238.10315 2970.0237
-1441.1508 1294.947 142.02649 129.49475
-1616.5952 1077.7301 167.08997 225.57141
-1733.5581 994.1851 129.49463 121.1402
-2017.611 852.1587 284.05286 167.08997
-1888.1163 660.00525 79.3678 208.86243
-1946.5978 442.78833 71.01318 233.9259
-2013.4337 217.21692 83.54492 246.45767
-1574.8226 509.62433 200.50793 100.25397
-1391.0238 325.82538 125.317505 187.9762
-1265.7063 62.658726 142.02649 279.87564
-1144.566 -225.57141 129.49469 309.1164
-1040.1349 -543.0423 129.49469 338.35712
-944.05817 -827.0952 104.43121 313.29364
-860.5132 -1177.9841 175.44446 384.30695
-476.20633 -1177.9841 284.05292 112.78577
62.658726 -1173.8068 401.01587 125.31738
-873.0449 367.59787 413.54758 171.26718
-1980.0157 -960.76715 442.78833 338.35712
317.4709 680.8915 75.19046 735.1958
517.9788 864.6904 171.26715 158.73547
764.43646 1144.566 225.57141 204.68518
651.65076 990.0079 158.73547 183.79889
367.59787 731.0185 183.79892 179.6217
935.7037 1311.656 154.55817 121.14026
960.76715 -1152.9205 1002.5396 350.8888
1211.4021 -839.62695 563.92847 459.49734
401.01587 -580.6375 555.57404 146.20367
-2245.7832 1370.375 1793.8853 152.67114
-191.0849 1364.0137 2430.015 165.39368
-719.0724 1809.3044 750.6328 203.5614
-6880.471 6660.503 20533.527 2434.3867
8572.595 -7178.4585 2751.916 14897.391
-8653.34 -6675.7046 18046.219 740.9004
13044.458 -6569.862 952.5869 12965.758
-7859.5186 -4347.1606 1349.4976 12463.004
-9526.544 -4214.8574 2698.9941 1481.8013
-7092.157 -8263.35 820.2827 5345.0684
-7039.236 4517.1836 105.84277 635.0576
