-15233.053 -10637.958 31410.303 20677.926
-620.3077 -3.4751132 1268.4163 45.17647
-1386.0112 -1144.0743 2817.1294 94.31433
-1414.7157 742.21313 2952.4502 258.33936
-627.3956 32.805 963.64685 127.11938
-1279.395 0.0 664.3013 225.53438
-1390.1119 147.6225 975.94885 569.9869
-1435.2188 647.89874 680.70374 205.03125
-930.84186 -303.44626 328.05 319.84875
-500.27625 -77.91187 94.31436 94.31438
-336.25125 -24.60375 61.50937 41.00625
-795.52124 -385.45874 82.01251 94.31436
-1119.4706 -303.44626 209.13184 237.83626
-1267.0931 -803.72253 303.44623 299.34564
-1328.6025 -533.08124 258.33936 328.05
-2879.0378 20.086311 2001.9355 609.2848
-1359.1268 -1057.0986 216.84082 232.32935
-1432.6978 -875.1073 209.09644 344.6219
-1730.8538 -278.79523 836.3857 472.403
-549.2529 97.40446 679.12555 254.33386
1252.2087 543.855 409.5697 245.07037
1527.4934 -70.49956 426.35522 621.0688
1534.2075 473.3553 792.2825 516.9978
1913.5631 157.78519 241.71326 339.06998
936.6387 681.49725 97.35669 80.571106
1299.2086 359.2129 130.92798 167.85645
1265.6373 456.56964 214.8562 130.92798
1471.2682 32.64069 97.68103 234.43433
2295.695 509.3237 820.52 488.40488
2760.6562 -57.225845 238.34155 621.2509
2577.016 -768.3432 281.3213 754.097
2346.489 -1151.2527 379.0022 464.9615
2217.5503 -1162.9744 535.2915 97.68103
2045.6316 -799.60114 566.54956 484.49756
986.7701 -2143.6914 515.75555 1086.2124
1463.6958 -1765.6912 105.82788 294.25317
1533.3873 -1657.2821 301.9967 183.26294
2363.9968 -2565.803 363.2483 1435.6956
1925.7925 -2260.2131 449.73608 103.78516
2069.9387 -2214.0864 345.95068 242.16553
928.3013 -3482.5725 570.8186 1354.9739
2369.7627 -3938.0742 357.48242 1395.3345
1711.99 -2809.6567 145.47986 161.14697
2009.6642 -3243.8584 190.24304 138.76538
1597.8441 -3543.771 143.24182 105.19336
1669.4651 -3454.2449 51.477417 136.52734
1622.4639 -3525.8657 76.09717 273.0547
2073.8545 -4717.9014 646.98145 794.0227
202.75415 -4714.2256 1904.1846 452.15186
-484.6633 -3497.4602 544.05273 209.53369
4.24897 -3357.771 999.8807 147.04126
-1907.2877 -3368.799 1474.0889 136.01318
-1657.317 -3688.613 301.43457 341.87085
-1370.5865 -4795.0986 1646.8623 452.15186
-2940.2522 -4703.198 1661.5664 518.3208
-3686.4858 -3317.332 1849.0442 272.02637
-3454.8953 -4265.748 808.7273 639.62964
-2723.3647 -4287.804 323.49072 455.82812
-4237.89 -4394.409 566.10913 1143.2461
-3701.1892 -3820.948 66.16846 547.72876
-4157.017 -3328.3599 485.23608 272.02637
-3047.1038 -5064.1074 368.91357 413.62988
-4008.5144 -5354.7666 1084.3818 553.3701
-4014.1025 -5924.9033 754.5957 1056.4341
-6384.738 -6027.852 515.85645 2384.092
-6342.9116 -6506.5293 2913.8906 687.8081
-5727.1733 -4420.3853 1932.6982 822.5029
-5151.7896 -4586.3613 221.30127 228.67822
-5173.92 -4586.3613 269.25 140.15771
-5173.92 -4667.5054 199.17139 121.71582
-5214.4917 -4697.012 265.56152 73.76709
-5196.05 -4737.584 224.98926 47.94873
-5247.687 -4667.5054 40.571777 29.506836
-5321.454 -4578.9844 66.390625 77.45508
-5343.089 -4618.7505 74.256836 55.69287
-5278.114 -4602.0425 16.70752 27.846191
-5333.8066 -4574.1963 24.1333 24.1333
-5383.93 -4598.3296 28.774902 26.917969
-5362.581 -4589.048 28.774414 17.63623
-4816.308 -4723.521 266.34668 97.572266
-4774.1147 -4654.9565 179.32275 71.20166
-4705.5503 -4594.303 42.193848 116.03223
-4742.6865 -4747.58 105.45752 31.21582
-4702.191 -4795.6685 30.371582 51.46338
-4718.2207 -4813.3853 32.902832 27.84082
-4729.188 -4802.418 17.716797 27.84082
-4656.6333 -4766.984 18.560547 23.622559
-4739.312 -4766.984 16.873047 22.778809
-4798.1855 -4832.5537 232.88672 6.2944336
-4796.927 -5071.7344 6.2944336 240.43945
-4577.887 -5075.5107 10.070801 247.99268
-4796.927 -5076.7695 227.85156 7.5527344
-4766.7144 -5047.8164 23.917969 18.882812
-4742.7964 -5028.9336 21.40039 21.40039
-4723.9136 -5008.792 21.40039 17.624023
-4706.2896 -5007.533 23.917969 16.365234
-4705.031 -4994.945 25.176758 20.141602
-4687.4067 -4986.133 31.471191 25.176758
-4673.5596 -4972.2856 28.953613 26.436035
-4655.9355 -4958.438 31.471191 26.435547
-4637.053 -4942.073 18.882812 16.365234
-4616.9116 -4925.708 16.365234 17.623535
-4749.0903 -4942.073 27.694336 25.176758
-4731.4663 -4932.0024 18.882324 22.65918
-4721.396 -4915.637 22.659668 16.364746
-4708.807 -4908.0845 15.105957 13.847656
-4718.878 -4921.9316 12.588379 10.070801
-4693.701 -4896.755 10.070801 10.070801
-4765.4556 -4958.438 26.436035 25.176758
-4723.444 -5028.588 19.368652 21.520508
-4504.3755 -4906.809 31.402344 27.47705
-4510.9175 -4891.108 13.083984 17.009766
-4518.768 -4874.098 7.850586 11.775879
-4476.8984 -4887.1826 17.009277 15.701172
-4463.8145 -4875.4067 17.009766 14.392578
-4524.002 -4861.014 24.860352 11.775879
-4471.665 -4862.3223 23.551758 10.467285
-4505.684 -4867.556 17.009766 56.262695
-4476.8984 -4867.556 6.541992 57.5708
-4491.291 -4858.397 10.467285 51.02881
-4503.067 -4821.761 20.93457 83.739746
-4487.3657 -4799.5176 18.317871 78.50537
-4524.002 -4809.9854 9.15918 99.44092
-4514.843 -4844.0044 19.626465 45.79492
-4520.678 -4823.264 10.581055 23.279297
-4520.678 -4730.1484 11.63916 19.046387
-4520.678 -4805.276 11.63916 19.046387
-4518.562 -4792.578 6.348633 23.278809
-4511.8486 -4718.562 7.3623047 5.726074
-4508.5767 -4722.652 6.5444336 6.5439453
-4502.8506 -4725.924 4.908203 7.3618164
-4498.7603 -4726.742 4.0898438 4.090332
-4499.578 -4725.924 13.905762 4.907715
-4800.5996 -4758.269 16.28711 35.535156
-4804.3013 -4754.5674 24.430664 26.651367
-4798.0615 -4765.9272 8.621582 9.405273
-4798.0615 -4768.2783 16.459473 3.135254
-4779.9907 -4509.793 103.93945 29.23291
-4789.7354 -4532.53 34.646484 69.29297
-4811.389 -4520.62 73.623535 48.72168
-4527.4604 -4769.8574 8.975586 52.05664
-4535.538 -4761.7793 4.487793 31.413574
-4478.119 -4806.536 5.529297 9.21582
-4473.511 -4815.752 5.529297 23.960938
